,,K300؈ȏ,,K100,
,,min300,max300,min100,max100
2002,,,,,
,,,,,
,2002,3,5,2.5,4
,,,,,
2003,2003,2.7,4.5,2.3,3.5
,,,,,
,2003,2.7,3.8,2.3,3.2
,,,,,
2004,2004,2.6,3.5,2.2,3.5
,,,,,
,2004,2.7,3.7,2.2,3
,,,,,
2005,2005,2.7,4.5,2.4,4
,,,,,
,2005,3.2,4.8,2.8,4
,,,,,
2006,2006,3.5,5,3.2,4
,,,,,
,2006,4,5.5,3.5,5
,,,,,
2007,2007,5,6.5,4,5.5
,,,,,
,2007,5.5,6.5,4,5.5
,,,,,
2008,2008,5,6,4,5.5
,,,,,
,2008,4.5,5.8,3.5,5
,,,,,
2009,2009,3.5,5,2.7,3.5
,,,,,
,2009,2.7,4,2.5,3
,,,,,
2010,2010,2.5,4,2.2,3
,,,,,
,2010,2.5,3.8,2,2.8
,,,,,
2011,2011,2.2,3.5,1.9,2.8
,,,,,
,2011,2.2,3.3,1.9,2.8
,,,,,
2012,2012,2.3,3.5,1.9,2.8
,2012 9,2.5,3.5,2,3.1
,2012 12,2.5,3.7,2.3,3
,2013 3,2.5,4,2.4,3.2
2013,2013 6,2.8,4,2.5,3.4
,2013 9,2.8,4,2.5,3.5
,2013 12,2.9,4,2.5,3.5
,2014 3,2.9,4.1,2.5,3.5
2014,2014 6,3,4.3,2.5,3.5
,2014 9,3,4.5,2.6,3.6
,2014 12,3,4.6,2.6,3.6
,2015 3,3,4.7,2.7,3.6
2015,2015 6,3.1,4.8,2.7,3.6
,2015 9,3.2,4.7,2.7,3.6
,2015 12,3.2,4.8,2.7,3.6
,2016 3,3.2,4.8,2.8,3.8
2016,2016 6,3.2,4.8,2.8,3.8
,2016 9,3.2,4.8,2.8,3.8
,2016 12,3.2,4.8,2.8,3.8
,2017 3,3.2,4.8,2.9,3.8
2017,2017 6,3.2,4.8,3,3.8
,2017 9,3.3,4.9,3.1,3.9
,2017 12,3.3,4.9,3.2,3.9
,2018 3,3.4,5,3.2,3.9
2018,2018 6,3.4,5,3.2,3.9
,2018 9,3.4,5,3.2,4
,2018 12,3.4,5,3.2,4
,2019 3,3.5,5.1,3.2,4
2019,2019 6,3.5,5.2,3.3,4
,2019 9,3.5,5.3,3.3,4
,2019 12,3.5,5.4,3.3,4.1
,2020 3,3.5,5.4,3.3,4.1
2020,2020 6,3.5,5.4,3.3,4.1
,2020 9,3.5,5.4,3.3,4
,2020 12,3.5,5.3,3.2,4
,2021 3,3.3,5.3,3.1,4
2021,2021 6,3,5.3,3,4